20828
20813
20822
20806
20588
42818
20819
20826
20831
20827
20814
20824
20830
20803
20829
20823
20852
20857
20845
20843
20868
20856
20846
20861
20844
20850
20834
20840
20855
42031
20832
20859
20889
20894
20905
20899
20910
44079
20931
20922
20919
20933
20893
20909
20934
20936
20890
43486
20980
20947
20897
20979
20968
20953
20967
43375
20939
43138
42096
20959
20974
20971
20941
20963
21015
21032
21034
21013
21010
43333
21000
21043
20988
21030
21028
20991
20987
21039
21014
21035
21092
21078
21086
21062
42805
21098
21060
21070
21072
21083
21052
43112
21064
21049
21048
21089
21130
43588
21132
21121
21103
21120
21126
21128
21136
21117
21111
43545
21131
21110
21127
21114
21200
21203
21168
21144
21194
21156
41139
21207
21171
21166
21201
42422
21202
43404
21165
21150
43137
42884
43029
21223
21209
41980
21222
21246
21221
21250
42675
21218
21234
21226
21208
21241
21329
41648
42821
42568
21328
21254
21268
21280
21267
21318
21281
21278
21276
21306
21298
21262
42355
43318
21407
21409
21413
21404
21420
21335
21334
21394
42426
21411
21410
21416
21339
21338
41141
21422
21428
21452
21451
21426
21438
21432
21441
21427
21442
21434
21433
21429
21431
43202
21474
21462
21473
21470
22361
43073
21456
21488
21466
21481
21487
42359
21491
21459
21475
41892
21499
21494
21516
43624
21492
42441
21514
21518
21502
21505
43030
21493
21506
42337
21500
21503
21539
43931
43038
21547
21561
21538
21569
42711
21564
21563
21549
21543
21570
21534
21573
21571
42182
21582
21601
21589
21631
21575
21590
21620
21584
21616
21619
21599
21628
21576
21614
21578
41804
21679
44116
21641
21664
21662
21670
21640
21636
41994
21659
21645
21666
21656
21646
21635
21689
41667
21717
21680
21730
44132
21720
21724
21728
21688
42853
21686
21715
43196
21729
41091
21740
44101
43048
21739
41837
43971
41517
21745
21755
41875
43401
41698
21749
21757
21733
21731
42939
21799
41991
44305
21782
21765
41679
21810
42001
21786
21791
21778
21800
21797
21785
42085
41977
42216
43487
43005
43764
44126
44071
21808
41722
41956
21753
21817
21815
21818
21806
21802
43249
41782
21835
44353
43060
42042
21872
21860
21829
21830
42890
21876
21875
21855
21865
21878
21890
42527
21924
42357
21893
41711
21948
41540
42030
21883
21946
41148
21947
43732
42447
21898
21959
21961
21951
43838
21954
21981
41814
44174
21990
21979
42093
21992
21970
21971
42020
41943
42233
22035
42978
21995
42907
22014
22031
22042
21996
22032
22010
22013
22006
22040
22023
42125
22046
22081
22062
22064
22075
22079
22084
22056
42049
22051
22080
41137
22069
22058
22082
22055
22104
22117
42965
43377
22106
22096
22127
22132
22116
22101
22128
22099
22095
22121
41612
22102
42898
22175
22140
22139
22158
22168
22160
22151
22154
22136
22162
22174
43400
22176
42300
43385
22220
22216
22221
22183
22178
22198
22215
22208
22184
22218
22205
44260
22195
41437
22200
22217
22258
22243
22225
22236
22257
42250
42012
22248
22238
44183
22234
22266
41008
22263
22255
22262
22296
22269
22304
22300
22302
22270
22301
44170
22290
22281
42005
22280
22283
41897
22294
41417
22309
22319
22315
22327
41757
22329
22322
22314
22317
22333
22334
22338
41950
22320
43884
22323
22396
22376
22406
22367
22380
22377
22399
22383
22345
43356
22365
22385
22371
22397
42620
42940
22450
22419
22409
22457
22430
22456
22426
22428
22434
41006
22446
22454
22458
42052
22443
42777
22461
22468
22491
22492
22490
43134
22482
22486
22460
22489
22487
22462
43902
22459
22465
22474
22498
22509
22500
22512
22504
22526
22533
22497
22521
22534
22501
22519
22510
22532
22536
22516
22563
22590
22546
22553
22537
22547
22580
22568
22587
22541
22566
22551
43566
22549
22578
22570
22596
22633
43119
22610
22635
22619
22605
22642
22630
22609
22641
22597
22628
22631
22644
22643
22654
22662
22691
22668
42381
22685
22646
22650
22674
42092
22681
22673
22693
22651
43799
22663
22702
22723
22694
22728
22720
22719
22705
22730
22732
22727
22697
22711
22696
22742
22731
22746
22771
22749
22770
22756
22790
22768
22776
22783
22787
22777
22758
22759
22760
22767
22791
22747
22808
22801
22839
22826
42865
22814
22812
42261
22841
22802
22810
22847
22832
42428
22817
22834
22852
22853
22873
22866
22850
22872
22861
22851
22860
22865
22870
22926
22867
22858
22857
22871
22877
22883
22888
22899
41115
22903
22922
22892
22900
43494
41853
42050
22931
22889
22913
43701
22958
22969
22964
22963
22950
22970
22975
22942
22938
22962
22973
22949
43623
44032
22966
22960
43722
43754
23025
23005
23014
23028
22991
41684
43954
43780
22998
23030
23001
22994
22992
23006
23042
23053
23057
23064
23046
23034
23072
23079
23056
23063
23049
23060
23065
23051
23044
23050
23081
23120
23113
23087
23097
44308
23106
23091
23094
23098
23114
23086
23084
23088
23107
23100
23139
23172
42883
23122
42850
23169
23138
23164
23127
23159
42970
42232
43650
23171
23109
23132
23184
23232
23233
41495
23215
23202
23218
23221
23214
42626
23188
41501
23223
23197
23191
23234
23251
23278
42958
43174
23265
23264
23270
23246
23259
23260
23254
42218
23244
23253
23255
23250
23316
23308
23303
23319
23307
23291
23283
23297
43090
23287
23286
23302
23304
23321
23317
23313
23335
23364
23334
23372
23369
23373
23365
23341
23330
41429
23355
23323
44104
43094
23348
23352
23401
23384
23383
23385
23387
23390
23407
23408
23419
23417
23422
23410
43757
23382
23386
23397
23448
44219
23458
23461
23469
44352
42848
23466
43499
23444
42318
23446
23463
23430
23449
23425
23490
23473
23483
23505
23471
43319
43484
23498
23477
23470
23495
23476
23486
23503
42352
43095
23557
42791
23538
23532
42123
23558
23533
23554
23536
23539
23512
43190
23534
23513
23553
23523
23600
23575
23572
23578
23602
42957
43041
23596
42321
23601
23561
23585
23580
23564
23604
23560
23624
23630
23640
23620
23642
23605
23647
23649
23622
41715
23641
23606
23637
23632
42981
23621
23652
23663
23674
44339
23668
23669
23678
41718
23672
23675
41675
23679
23681
23676
42750
23661
23689
23721
23691
23706
23701
23699
23724
23703
23707
43492
23713
23709
23694
23693
23729
23696
23781
23747
42480
23740
42084
23774
23780
42542
23767
42536
23762
23770
23752
23734
23751
23741
42931
23791
23835
23796
23783
23805
23827
23797
42267
23829
23832
23802
23799
23822
23814
23996
23870
23854
23846
23853
23873
44089
23862
23845
23849
23857
23847
23864
23837
23843
23861
23844
23912
41005
43585
23878
23905
44300
23907
23914
23917
42014
23891
23894
23883
23887
23903
23908
23937
23954
23944
23920
23946
23926
23919
23950
23952
23941
23931
23943
23925
23940
23948
23938
23964
23961
41928
23974
23968
23969
23991
23985
23959
23977
23990
23958
23988
23989
23960
23966
24008
23993
23994
24023
24031
44058
43023
24022
24011
23992
42823
23995
23997
24009
24003
23999
24070
24050
24064
24047
24044
24069
24039
43166
44122
24078
24075
42423
24057
24040
24071
43176
24124
24080
24125
24094
24095
24127
24089
42468
24121
24110
24083
24117
24096
24101
24114
24093
24143
42277
24144
24171
24129
24161
24156
24128
24141
24157
24163
24151
24133
24152
24131
24158
24217
24235
24177
24198
43937
24175
24192
43195
24187
24214
24233
24216
24204
24236
24218
24197
24259
24248
24294
24300
42728
43638
42730
24319
24269
24274
24293
43002
42900
43801
24266
24249
24306
42657
24304
24331
24336
43147
24338
41103
43781
42353
24328
42360
24333
41138
24305
24308
24389
24339
24365
24375
24406
24349
24344
24371
24343
24395
24398
24405
43541
24415
24397
24357
24461
41872
42035
24467
24469
42947
42362
24474
24485
24463
24456
24468
24482
24472
24416
24428
24542
24497
24538
24533
24493
43661
24513
24487
24517
24510
24540
24531
24512
24511
42394
43935
24554
24562
24567
24557
42524
24549
24573
24543
24566
24551
24571
24546
24555
24552
24570
42843
41882
24594
24588
24609
24602
24596
24617
24598
24583
24606
24612
42227
24618
42088
24578
24587
24643
24624
24621
42114
24651
24629
24626
24644
44015
24638
24620
24635
24639
24645
24641
42489
44288
24655
24670
24687
24674
24679
24688
24691
24682
24680
43383
24683
42469
24668
43450
24657
24716
24697
43789
24712
24727
24726
42380
24715
24698
24719
24709
24734
24699
24707
24692
24706
24752
42942
24747
24763
24743
43334
24749
44153
43238
42059
24755
42645
24750
24736
24760
24758
24807
24783
24800
24791
24811
24795
24794
24779
24777
24786
24806
24781
43314
24790
24796
24764
24824
24832
24841
24850
24842
24825
24839
24836
24840
24837
24828
24845
24846
24848
24829
42087
24858
24869
24887
24882
24884
24872
24865
24886
24862
24895
24861
24878
24868
24855
24870
24853
24902
24916
24925
24937
24942
24928
24909
24906
42101
24954
24931
24936
24918
24899
24927
43890
24996
24985
24989
24974
24973
24990
24970
24972
24960
24991
24962
24958
24967
24980
24987
24997
25022
25042
25026
42686
25007
25014
25017
25002
25032
25027
25038
25006
25028
25010
25036
43465
42350
25072
25049
25043
25051
25047
25080
25064
25058
43327
25044
25074
43906
25045
25061
25073
25122
25088
42810
25142
25123
42081
25118
25144
25117
25121
25125
25138
25116
25109
25124
25107
25166
43739
25156
25172
25161
25174
25178
25151
25185
25170
25181
25197
25173
25176
25177
25194
25201
25226
25238
41777
25213
43997
25215
25231
25247
25208
43919
25198
25219
25246
25218
25216
43443
25256
25262
25274
25283
25257
25267
44182
25258
25269
25252
42941
42127
25255
43804
43787
25327
25313
25321
44156
41424
25328
25292
25305
25312
41734
25299
25288
25308
25319
43805
25336
43111
25354
25329
25361
42416
25330
25335
25339
25357
42908
25353
42820
25364
25362
25334
25390
25400
25395
25393
25405
44011
25369
25389
25367
25402
25371
25391
25416
25366
25378
25407
25473
25478
25422
25419
25428
25424
25434
25448
25417
42676
25456
36240
25431
25433
25423
25454
25491
25482
25493
25495
25490
25481
42421
25496
25489
25488
25483
25498
25502
25499
25500
25485
25503
42644
25520
25506
25523
25510
25549
25516
25525
25542
25513
42640
25530
25543
43782
25509
25575
42041
25576
25600
25602
25581
25572
25584
41984
25582
25550
25560
25586
25591
25579
25580
43360
25620
25610
43944
42586
25618
42892
25637
25645
41023
25630
25650
41016
25624
25623
25634
25676
25668
25654
25687
44321
25655
25672
25688
25671
44177
25670
25681
25666
25745
25652
25662
25713
25738
25737
25750
41884
25692
25728
25696
25718
25710
25731
25742
43101
25690
25691
25711
42033
25766
25782
25752
25769
42860
42787
25761
25760
42210
43426
25765
25759
25753
25768
25774
25783
25794
25805
25813
25791
25788
25800
41685
25784
25810
25797
25798
25807
25793
25806
41317
25836
25872
25825
25838
25832
25833
25843
25873
25824
41024
25820
25867
25818
25828
25856
25877
25896
42968
25918
25927
25925
25928
25880
25891
25913
25890
25902
25881
25911
25923
25885
25940
25946
25960
25983
25976
25982
42187
25964
25939
25957
25930
25936
43144
42695
25958
25951
26012
26004
26006
26024
25993
25991
26016
26019
25998
26010
42767
25987
26000
26015
26021
25994
26033
26038
26029
26048
26036
26039
26037
26042
26043
26047
26054
26049
26028
26031
26051
26052
26074
26080
41485
26093
26065
26064
26087
26091
26066
43806
26088
26058
26077
26070
26071
26078
43989
26103
26111
26104
26123
26101
26120
26129
26138
43866
43232
26094
26113
26122
26106
26125
26163
26158
26155
26153
26173
26176
26177
26178
44330
26174
26172
26148
26169
26149
41180
26157
26196
42248
26210
26197
26192
26206
44019
26186
26193
42288
26191
26195
26201
26200
26190
26182
26211
26223
26218
26244
26214
43927
43299
26222
26248
26237
26241
26220
43926
26247
26233
42356
26251
41590
26283
26285
26307
26279
26274
26300
26304
42241
26252
26272
26259
26293
26268
26302
26324
26327
26311
26346
26315
43159
26323
26329
26312
26330
41512
26309
26343
26316
26353
26331
26404
43513
26371
26385
26381
42835
26395
41626
42575
26388
26396
26397
26362
26382
26386
26391
26456
26418
26437
26446
43495
26439
26422
26463
26445
42753
26435
42065
26417
26428
26455
26433
26516
26458
26518
26541
26468
26481
26551
26496
26475
26547
26523
26476
26491
26488
26507
26529
26570
26587
26567
26573
26591
26595
26588
26572
26594
26564
26553
26566
26579
26558
26555
26593
26598
42735
26612
26599
30746
26627
30739
30758
42525
30754
26615
26597
42844
26613
26601
26605
26651
26641
26640
30766
26639
43180
30759
26653
26659
26643
26646
43841
43554
26662
26632
26637
26688
26720
26719
26670
26712
26697
42925
42133
26718
26680
26689
26696
26722
26721
26723
26677
26743
43941
26752
42588
26749
42292
26746
26782
26733
26726
26780
26728
26741
26783
26738
26748
26787
26794
26829
42795
26805
26809
26816
26793
26788
26818
26817
43053
26820
26798
26815
26790
26855
26854
26834
26851
26849
44282
26845
26856
26842
41431
26841
41598
44208
43100
26847
26844
42606
41582
42961
26859
26867
26861
26866
26875
43752
44091
26869
26874
43936
26873
42075
43010
26878
26888
26900
26904
41772
26891
26893
42758
26896
42741
26906
26876
26889
26899
26886
26902
26922
26930
26934
26916
26938
26932
26927
26924
26937
41656
26919
41753
26925
43145
26929
26909
26963
43999
26956
26979
26966
43105
26949
26964
43889
26968
26975
26978
26981
26946
26955
26972
27004
27010
26995
27007
27012
26997
42902
41145
41116
42969
41857
26999
27011
27009
43481
41997
41910
27026
27039
27028
27013
27027
27030
44098
27021
42597
27044
27036
41699
27015
27023
27020
27050
27049
27063
27055
27058
27054
27045
43129
42897
27046
27053
27051
27048
27047
27059
42603
42881
27064
27096
27074
27081
27069
27082
43210
27090
27068
42504
27083
41143
27091
27075
27093
41117
27100
27103
41911
41825
27101
27106
41665
41319
27102
27117
43611
41595
41118
27109
27099
41908
41601
44142
27141
27126
27135
27140
41710
27145
42710
27143
41442
41320
27138
27107
27129
27159
41556
41430
41929
27152
27165
27154
44283
27174
27161
27164
27153
41522
27156
43517
27167
27180
27181
27184
27187
27183
41638
41599
27175
27190
27202
27204
27185
27186
27178
27194
41978
27206
43008
27216
27207
41154
27210
27218
27208
27225
41557
27219
27213
27238
27223
27211
43077
41661
27270
41136
41492
27272
44319
27267
27259
27269
41755
42325
27258
43553
27255
44040
42953
41900
27286
27273
27284
27289
27283
41614
27297
27294
27282
43106
27296
27276
27277
41716
27293
27299
27302
27316
41971
27301
27307
27314
27313
44029
27306
42437
41730
42221
41713
27305
27300
43092
41926
27346
27344
27323
27324
27337
27317
27334
27341
27335
27343
27345
44261
27327
27326
27351
27350
27348
27366
27372
27375
42696
27353
27368
27354
27367
27347
27355
27360
27358
27379
41119
27396
27401
27408
27386
27406
27393
43542
27383
43201
27403
27387
27410
27381
27397
27402
27446
27442
27428
43155
27434
43199
27423
27415
27438
27411
27443
41322
43063
27447
27451
27417
27452
27466
27455
41518
27472
27462
27483
27460
27456
27484
27474
27453
27481
27489
27458
27469
27512
27495
42909
27509
27519
27514
27526
27498
27516
41569
27490
27503
27494
27505
43849
27513
27530
27532
27536
27534
27552
27537
27554
41516
27533
43227
42599
27540
27550
27546
27531
42666
27557
42438
27577
27576
27567
41924
43153
44144
27581
27579
27564
27571
27572
27565
27573
27568
27600
27586
27585
27598
41017
42074
42859
42992
43717
27595
27609
27594
27582
27588
27589
27590
27638
27635
27631
27645
27616
27648
41450
27651
44258
42983
42483
27633
27636
27621
41826
27612
41465
27656
27659
44018
42744
27669
27660
27671
27652
27653
42186
27673
27666
27665
27679
27674
27683
27724
27698
27711
27710
27709
27718
27684
42153
27697
27682
42589
27685
27696
27725
27708
27733
27726
27749
27756
42914
27742
27751
27729
27743
27736
27737
42797
27735
27739
27728
27746
27772
27758
43376
27768
27770
27778
27786
27804
27806
27809
27775
27797
27803
27766
44333
27796
27811
27829
27848
27823
27820
42842
27812
27860
27831
27833
42082
27859
27843
27841
27816
27850
27882
27861
27863
27866
27891
27894
27903
27876
27904
27870
27896
27867
27871
27889
27886
27901
41105
27919
27921
27930
27938
27932
27917
27931
27928
42834
27934
27937
42154
27908
27909
27926
27972
27957
27981
27943
27954
27962
27967
43004
27939
27973
27980
27984
27945
27959
27966
41986
28009
42837
28019
43236
27988
28008
27996
27989
27986
28027
28011
28022
28001
43080
27991
28005
28041
28057
28069
28063
28071
28078
28079
28058
28065
28072
28046
28030
41642
42316
28040
28056
28100
28120
28116
28125
28136
28101
28095
41779
28124
28099
28091
28123
28115
44193
28082
28118
28142
43308
28151
28139
28155
42572
43335
28154
28158
41725
28145
41666
28754
28159
28138
28137
28181
28201
44252
28162
28192
28177
28187
28164
41132
43123
28196
28169
28168
42579
41854
28200
43512
28221
28232
28238
42888
44252
28243
28245
28223
28205
28215
28224
43478
28212
28227
28246
28261
28275
28269
41791
41254
28274
28247
28280
28248
41780
28278
28251
28253
43028
28249
44003
28282
28289
28281
43593
44277
28309
44295
44267
28295
44099
28299
41127
28288
28300
28297
43258
28332
28342
28360
44202
42719
28357
28359
28324
28312
28338
28355
28322
28319
28336
43366
28323
28386
28373
28361
28364
28381
28366
28385
28379
28380
28383
28397
28382
28378
44367
42876
28367
44276
28427
28398
28410
28420
42387
28412
44087
43260
28404
28408
44076
41982
41887
42009
41325
41135
28461
28433
28436
43121
28437
41805
41891
28431
28458
28457
28444
28307
28439
28454
41790
28481
28490
41688
28509
28474
28462
42117
28507
28502
28487
28501
28508
28503
28484
28488
28468
42674
28537
28540
28545
28542
41749
28510
28526
28519
28532
28536
28546
41157
28555
28513
28541
28559
43767
28562
28561
28584
28556
28581
28577
28582
42223
42788
43607
41120
28572
28570
28568
42470
28600
28603
28598
28604
28594
28597
28593
42371
41542
43446
28602
28596
28599
28605
28592
28607
42945
28626
28636
28625
28647
28633
28639
28635
28609
28646
42141
28645
28610
28631
28617
28654
28655
28660
41457
41018
28667
28648
41955
28658
28668
44279
28653
28665
28662
28659
43240
28671
28669
28670
28684
28688
42819
28679
28682
41596
44111
41809
28690
28676
41009
28695
28685
42901
43122
42449
28716
28714
28705
28713
28702
28700
44168
41767
28698
43011
28710
41637
42652
28734
28721
28733
28745
28728
28724
28737
43414
28744
42032
28735
28747
28736
28727
28725
43920
41439
28784
44061
28791
41447
28766
43540
28774
28758
28775
28778
28792
28793
28773
28751
43798
28803
28823
28824
28827
28799
42258
28820
28825
28809
28813
28795
28819
28797
28826
41771
28822
28866
28868
28864
28857
28860
28861
28832
28870
28835
28834
28830
28856
28852
28844
28847
28865
28882
28927
28925
28929
28877
28915
28934
28924
28903
28874
28920
28931
28935
28926
28878
28872
28965
28966
28974
28942
28979
28957
28952
28975
28969
28950
28962
28939
41484
28944
28963
28955
29029
42166
29042
28987
29030
29008
29026
29037
42778
28989
29022
29010
29043
42407
29009
29040
29056
29053
29050
29077
29055
29106
29066
29060
29073
41933
29071
29075
42839
29044
29096
29107
29169
29136
29112
43416
29146
29157
29118
29166
41690
29154
29148
29149
42585
44206
29137
29140
29178
43953
29196
43157
29204
29208
29197
29202
42184
29219
29184
41861
29182
29195
29173
29201
29362
44044
29227
29240
29366
29221
29372
29248
29235
29232
29239
29220
42815
29226
29224
29371
29386
29389
29401
29408
29377
29407
29376
29411
29374
29397
42944
29412
29373
29385
29383
29416
43493
29434
29453
29258
29430
29427
42912
43143
43612
29254
29253
29450
29447
29421
42053
29442
29285
29264
29289
44050
29287
42366
29298
29284
41774
29303
29268
29310
43000
43548
29277
42647
29341
29330
29312
29340
29343
29329
29337
29327
29342
29322
29336
29345
29320
29333
29335
29318
42857
29479
29455
29462
29456
29484
29481
29480
43372
29357
43836
29359
29356
29352
29472
29468
29519
29511
29504
29502
29514
29485
29503
29505
29488
29486
29515
43773
29487
42100
29492
44167
29529
44360
43639
42314
42259
29525
29526
29534
29535
29537
29544
29538
29522
29543
29533
29527
29567
29578
29559
29569
29570
29586
29550
42830
29563
29579
29573
29582
42253
29554
29548
29565
29607
29589
29606
43133
42255
29609
29614
29611
29629
29587
29594
29626
29627
29633
29617
29599
29655
29641
29659
29688
29642
29703
29635
29639
29647
29695
43150
29663
29681
29653
29665
29636
29738
29728
29704
29710
43691
29753
29718
29760
29709
29735
29749
42036
43684
29756
29719
29730
29778
29777
29781
29761
41739
29780
29774
44284
29773
29788
29769
42415
29784
29768
29764
29771
29802
29801
29789
29821
29834
29819
29805
29792
29800
29795
42868
42313
29831
29820
29808
42803
29895
29896
29872
29851
29893
29892
29864
29852
29897
29891
29882
29898
29845
42727
42172
29886
29914
29921
29899
41686
43482
29915
43251
44254
43357
29944
42984
42622
29938
29932
29910
29920
30010
30003
29969
29967
29988
41629
29974
29995
43297
29983
30005
29979
29989
29965
30013
30001
30058
30070
30074
30071
42460
30067
41859
30022
30026
30075
30016
30040
30036
30028
30017
42772
30093
30116
41559
30117
30090
30099
30118
30076
30100
30086
41581
30078
30111
30079
30105
42203
30156
30174
30163
30171
30145
30167
30179
30119
30165
30182
30175
30153
30162
30131
30141
30137
30199
30210
42757
30212
30209
30211
30195
30183
30196
30202
30218
30214
30194
41121
30191
30192
44047
30220
30226
30241
30237
30223
30232
30234
30247
30233
30229
30235
30250
30248
30243
43168
30274
30267
30279
30275
30257
30263
44009
30272
43178
30273
30270
30269
30281
30277
30262
30264
30282
30291
42244
30299
30332
30285
42213
30328
30302
30313
30314
30335
30286
42792
30307
30287
30373
30371
30352
30345
42530
30349
30357
30361
30368
43440
30354
30365
30372
30346
30367
30340
30416
30397
30400
30423
30421
30429
30398
42471
43657
30394
30393
30414
41740
30392
30424
30395
30460
30451
30472
30437
30465
30442
30497
30504
30502
30467
30450
30455
30500
42948
30489
30447
30537
43397
30523
30511
30512
30554
30551
30547
43791
30561
30543
30546
42171
30558
30557
30535
30595
30563
30577
30576
30603
41762
30615
30581
30620
42520
30585
30583
30591
30570
30598
30597
30622
30624
30631
30635
42038
30662
30637
30667
30674
30666
30656
30665
43913
42538
43741
30629
30701
30718
30769
30706
42195
43943
30772
30770
30780
30774
30776
43135
42678
42151
30768
30778
30818
30786
30724
30782
30805
30807
30816
30798
30783
30803
43146
43631
30725
30730
30728
30789
30860
30843
30856
30833
43570
30824
42497
30848
30889
30861
30867
30878
30845
43506
30823
30866
30925
30945
30942
30947
42512
30927
42197
30946
30920
30932
30919
30895
42769
30930
30934
30913
43857
30987
30963
43916
30970
30971
30966
30992
30953
31050
30964
30972
43756
30974
30951
30991
31007
31013
44377
31033
31038
31000
31012
31001
31005
31016
31003
31040
31010
31019
31034
31008
31055
31082
31045
43771
31049
31056
31057
31076
31041
31069
31059
31083
31072
42466
31042
31060
31123
31140
31096
31146
31092
31133
31128
31118
31087
42219
31126
31099
31108
31093
31122
44228
42591
43993
42039
31170
42181
31163
41925
31184
31185
31186
31189
31179
31153
31152
31180
31169
31214
31201
31196
31213
31234
31218
31193
31238
31216
42973
31207
31208
31223
41852
41663
31241
31272
31262
31307
31259
42949
31274
41662
31275
43706
43733
31300
31324
31250
31255
31265
31281
31327
31348
31364
31374
31369
31328
31349
31351
31338
31340
31375
31344
41352
31359
31367
31346
31389
31408
31409
31381
31415
31383
31385
31384
31416
31414
31376
31406
31412
31410
31387
31403
31430
31418
42283
31428
31449
31446
31453
31455
31424
31417
42541
31448
31421
31460
31468
31440
31512
31471
31524
31478
31521
31492
31469
31523
31483
31490
31496
31497
31481
31506
31491
31498
31567
31545
42236
31529
31537
31582
31526
42119
31575
31579
31574
31538
31531
31560
31539
31576
31583
31618
31609
31603
31594
31595
31599
31592
31586
31597
42576
31606
31605
31617
31584
31591
31635
42920
31649
31659
31627
42231
31624
31661
31663
31622
31638
31632
31662
31650
31653
31656
31688
43775
31692
31679
31711
31703
31695
42086
43556
31690
31716
44041
31691
31686
31684
42485
43325
31736
31738
31724
44397
31757
43696
31762
43785
31746
31759
31732
31735
31753
31755
31719
31781
31798
31800
31767
31786
42840
31795
31772
31797
31763
31771
31792
31805
31793
31796
31770
31809
31845
31823
31836
31857
31832
31827
31855
31843
31839
31841
31849
31851
31846
31854
31847
31900
42723
31904
31894
31879
42147
31858
42694
31909
31901
31892
31862
31891
31882
31905
31881
31921
44081
31922
31929
31918
31912
31911
31932
31933
31920
31910
43885
31916
31935
43744
31934
31951
41146
31949
31950
31957
31938
31944
31961
31962
31973
31939
31975
43749
31979
31943
43076
32301
31999
32009
32026
32000
31984
32008
31986
31995
32006
32007
32017
32021
32004
31982
32011
32058
43417
32027
32032
32060
32039
32033
32049
32029
32063
32046
32048
41419
32057
43289
32034
32073
32089
41758
44218
32077
41946
32087
41766
42256
32085
41697
32072
32086
32078
32074
32066
32094
32110
32121
41907
32111
32097
32113
32106
32117
32103
32100
41726
32126
44020
32104
32096
32140
42807
42516
32159
32129
32169
43685
32167
32149
32130
32147
32139
42488
32142
32154
32165
32213
32177
32216
42448
32220
32206
32197
32218
32224
32188
32194
32210
32214
32183
32222
42952
32234
32235
32244
32254
32250
32231
32252
32243
32249
32238
42625
32239
32242
32225
41007
32232
43255
32288
32290
32263
43862
32256
32268
32279
32283
32265
32267
32281
32257
32261
32275
42434
32315
32319
32335
43103
32320
32293
32307
32325
32314
42693
32337
32324
32350
32309
32347
32297
32371
32361
32375
32352
32359
32366
32354
32363
32372
32373
42508
32370
41328
42786
32358
32357
32407
32397
32390
32409
32405
32396
32416
32418
43496
32388
32385
32398
32380
32413
32423
32408
32482
32495
32437
32435
32464
32456
32457
32480
32505
32430
32494
32431
32503
32475
32452
43309
32550
32530
32536
32529
42528
32544
32528
32549
32525
32517
32537
32514
32519
32524
32506
32518
32600
32610
32593
32573
32578
32611
32572
43474
32604
32599
43877
32594
32564
32603
32558
32582
32668
32654
32662
32629
32641
32642
32659
32618
32643
32625
32656
32660
32636
32678
32666
42205
32694
32716
32712
32741
32724
32695
32735
32700
32704
32717
32729
43139
32740
32703
32734
32698
44043
32744
32781
32772
32761
43179
32790
32777
32771
32769
41538
32784
32779
32760
32743
32746
32805
32800
32815
32809
44301
32820
32810
32794
42425
32824
32813
32823
32827
32807
32812
32817
32829
32859
32835
32881
32828
32848
32855
32869
32877
42862
32882
32858
32846
32861
32830
32879
32905
32910
32890
32911
32913
32884
32883
32891
44095
44268
32908
32896
41921
32912
32895
32885
32929
32944
44268
32934
32950
32921
32919
32920
32933
32940
42986
32922
32937
32947
32930
42414
32961
32982
32973
32958
32960
32995
32979
32997
32981
33000
32980
32967
32987
33001
32952
43339
33014
33040
33015
33020
33004
33010
34101
34100
33026
33038
33019
33027
43024
33024
33032
42264
33090
44120
33066
42582
33095
43068
33063
33076
42602
41330
33044
33075
33057
33072
33073
33079
33102
33109
33104
42643
41636
33117
44224
41813
41830
42496
33107
33123
33116
33118
33101
33106
41524
33141
33139
33153
33146
33154
33167
33174
33155
33171
44216
33168
33125
33126
33140
33160
44160
33177
33179
33202
33188
43363
33212
41523
33183
33192
33207
33210
33199
33186
44175
33205
33220
41981
33243
33232
41773
33234
44210
33222
33223
33213
33233
33215
33242
33236
33217
33224
41700
33270
33255
33244
33257
33263
33252
41706
33265
33273
33272
42266
33250
43247
33238
33259
33288
33300
43975
33313
41832
41331
33290
33297
33309
42870
33279
33291
33287
42773
33294
33284
41587
42464
33340
33327
33348
33337
33342
33321
33346
33331
33355
33363
33366
33328
33335
33339
33373
43020
44137
33365
41674
42025
33383
42699
33379
44141
41628
42655
41592
33376
33377
41756
33404
33395
43246
33408
33406
33399
33402
33394
41234
33411
33397
33392
33405
33400
33391
41470
33413
33435
41708
41502
33414
44161
41695
33427
44108
33433
33432
42592
33426
33428
42320
33434
33468
33450
33438
41677
41502
43983
33453
41927
42928
44190
33436
33467
33471
33444
43211
33459
33440
41095
43019
42010
33489
33492
44199
42003
33472
33465
33490
43241
33476
43964
33478
33488
33500
33534
43033
42060
41707
41676
33506
33498
33537
33540
33523
41668
33529
41973
33501
33546
43899
42105
33559
33547
43284
43662
33574
33548
41332
33575
33571
33564
41855
33553
43370
44070
33599
42230
33583
33586
41122
33614
33613
33585
33594
33617
43627
33618
33601
33609
33588
41096
33627
33636
33648
33633
33646
43091
44248
43792
33644
33657
33643
33626
43690
33621
33645
33654
33693
33669
33682
33683
42793
33680
33702
33705
33675
44426
33703
33719
33672
33709
33699
33670
33745
41288
41682
42220
33742
44221
42076
33722
43497
33733
42330
44393
33737
33741
41123
41333
33797
42899
33780
33748
33799
33782
33787
33791
33798
33801
33781
33795
42209
33794
33752
33765
43245
33819
41858
33822
33827
33805
43099
33821
33823
33815
33824
42993
41334
33806
33817
33814
33836
33849
33832
33859
44072
33835
33847
33858
33852
33846
33861
33830
44205
33834
33853
43099
33888
33879
42811
33883
33882
33887
33893
44059
33867
33889
44262
33886
42120
33866
33884
33877
33912
41797
33918
33936
33898
33907
42826
33901
42916
33929
33931
33926
41999
33896
33906
33910
33962
33951
33938
41572
43062
33965
33957
33954
33967
33945
33953
33958
33966
43040
33940
33956
33990
33971
33979
42743
33978
33976
33991
33989
33968
33994
43537
33977
33981
33974
33997
33980
34019
34010
43182
43834
34013
42718
34015
42044
34012
34027
41525
43555
34005
41649
43680
34018
34033
34065
34040
42388
34034
34038
34056
34076
42262
34077
34062
43921
34055
34075
44275
34053
34080
34120
34119
34086
34134
34082
34112
34142
34097
34130
34144
42482
34121
34140
34116
34127
34155
34177
34150
34161
34168
34145
43365
34151
34154
34156
41144
44130
34162
34174
34171
34163
34193
42561
34204
34180
34178
34200
34207
34213
34222
34205
34194
34192
34181
34208
34211
34220
34288
34253
34271
34272
34240
34244
34231
34237
34247
34263
43256
34246
42386
42665
34287
34233
34318
34301
34299
34289
34309
42034
34310
34323
34300
34321
34302
34317
34292
43458
34293
34297
34326
34335
34348
34324
34329
34334
34345
34346
34359
43403
34330
34351
34344
34364
42299
34325
42825
44365
34406
34405
34409
34845
43601
34368
34373
34393
41841
34418
34376
34410
34398
34386
43307
34423
34461
34444
43267
34455
34452
34421
34438
34450
34419
34447
34434
34451
34437
34445
34497
34498
34478
34479
34488
34470
41231
44176
34463
34480
34494
42677
34481
34472
34469
34495
34523
43575
34524
34542
34545
34517
34516
34546
34518
41336
34533
34539
41558
44077
34512
34534
42440
41124
42918
34559
34567
34578
34579
34569
34550
34573
34577
34556
34547
34562
34565
34561
34610
34612
34598
42280
34589
34627
41533
34594
34591
34590
41527
34621
34605
43539
34619
34651
34637
34647
34668
34670
34687
34644
34684
42612
34641
43480
34663
34671
34674
34673
34654
34720
34719
34692
34718
34721
34723
34707
34717
34698
34727
34694
41422
43488
34697
34711
34725
34752
34734
34750
41831
42089
34735
34746
34741
34760
34744
34740
34748
34759
43082
34738
34747
34812
34762
34783
34788
34820
34803
34811
34763
43648
34789
34822
34767
34809
34772
42595
41548
34856
34864
34852
34832
34862
34861
34860
34863
34857
34866
34840
34824
34859
34836
42659
34843
34878
42391
34892
34909
34879
34895
34886
34904
34907
34896
34880
34898
34869
34887
34888
34910
34958
34923
34952
34970
42559
34965
34948
34925
34928
34929
34920
34921
34941
34911
34922
34917
42409
34996
42562
35010
34978
34980
35008
34971
44155
35006
34992
34983
34976
35000
34991
35012
35032
35041
35025
35040
35043
35047
35021
42399
35050
35048
35033
35059
35029
35054
35035
35024
35086
42051
35089
42443
35070
35078
35074
35082
35085
35066
43097
35083
43272
35075
35073
35081
35106
35112
35120
35116
35094
42889
35126
35131
35176
35113
35119
35098
35105
35108
35133
35111
35136
43829
35160
35149
35159
42456
35154
42990
35138
35153
35140
35146
44194
35148
35155
35134
35187
35192
41589
35195
35184
35170
35169
35166
35181
35191
35190
42201
35164
35185
35186
35177
43452
35214
35196
35212
43689
35222
35224
35232
35219
42849
35243
35211
42108
35237
42668
35240
35263
43970
35245
35252
35260
35249
35265
35257
35241
43716
35267
35244
35256
35242
35261
35248
35291
35310
35305
35294
35306
35307
35284
35289
35286
35295
35314
35269
35274
35278
35283
35280
35330
35352
35357
35316
35329
35360
35334
42188
35345
35349
35338
35328
35353
35344
35341
35332
35381
35395
35362
43177
35396
35378
35389
35377
35380
35387
35397
35385
42382
35365
35400
35403
35441
35409
44118
35439
35436
41013
35438
35417
35425
35407
35410
35413
35427
35419
35426
35418
35459
35491
35450
43700
35456
35481
35462
35472
35466
43898
35476
35482
35454
35463
35453
35452
35502
35538
35549
35493
35517
35521
41760
35523
44265
43840
35542
43518
35551
35541
41800
35518
35579
42135
35580
35562
42507
35569
44196
35593
43253
35606
35561
35563
35591
35596
44129
35578
41883
41147
41630
35650
35641
35618
35636
35632
35642
35610
35617
35615
35608
35640
35626
41770
35668
43917
35712
35687
35699
35669
35653
35675
35690
35713
35659
35718
35719
35681
35711
35667
35728
43536
35763
35730
35725
42976
35762
35743
35769
35764
35750
35751
35753
35749
35720
35741
35800
35783
35819
35784
43946
35804
35792
35808
35793
35779
35798
35813
35815
43437
35810
35794
35827
35843
35833
42252
44159
35838
35846
35836
42458
35834
35534
35822
35824
42934
35826
35828
41142
35911
35902
42867
35864
35906
35874
35855
35877
35916
35868
35869
35891
42341
42716
35912
35923
35995
35945
36150
42885
35977
35992
35967
35994
42567
35973
35948
35922
35962
42879
42271
36038
36032
36045
36001
43022
36042
36024
36030
35997
36013
36002
36036
42774
36015
36040
36043
36078
36053
36087
44296
36084
36095
36060
36092
36076
36083
41893
36086
36049
36046
36081
36067
36103
36122
36097
43453
36101
36104
36112
36098
36096
36099
36119
36116
36118
41952
36123
36113
36157
41503
36138
36130
36142
36170
36127
36153
36167
36179
36124
36184
36147
36139
36134
36161
36212
36197
36206
36188
36207
36198
42977
36194
36213
36200
42570
36193
36203
36187
43192
36211
36216
36235
36222
36229
36226
36225
42851
36233
36245
36246
36248
36244
36221
36251
36249
36227
36276
36261
42229
36271
36272
36257
36274
43140
36286
43337
36255
36264
36301
36288
36328
36260
42661
36351
42351
42610
36306
36356
36359
36310
36370
36326
43269
36334
36361
36350
43361
36371
36382
42217
36375
36384
36386
36399
36398
36404
36383
36373
36385
43126
43188
36388
36380
41232
36408
36406
36415
36843
36414
36427
42959
36410
36419
36422
36409
36416
36425
41970
36841
36421
36453
43032
36455
36450
41719
36432
36449
36447
36434
36428
36467
36454
41918
36452
41577
36443
42413
36515
36505
36469
43270
36477
36506
36481
36530
36532
43025
36486
44123
36533
36537
43670
36564
36548
43007
36542
36558
36559
36571
36567
42632
43110
36543
36545
36554
36565
36541
36540
43263
44005
36583
36590
36593
36582
36577
36603
43204
36584
36592
36596
36601
42596
36594
36585
36631
36641
36659
36605
36620
36607
36626
41131
36632
36640
36635
36652
36617
36661
36636
36639
36711
36669
36670
36675
36691
43958
36683
36717
36672
36706
36705
36685
36700
36698
36695
36708
42555
36736
43861
36725
36732
36731
42866
36722
36734
36733
36727
36730
36724
43888
36726
36728
36738
36741
36752
36744
36489
43084
36771
36739
36764
36773
42372
43222
36746
36762
36761
36748
42635
44013
42771
41351
36781
41423
36783
36782
36780
36795
36791
36784
36775
36788
42297
43074
42651
36807
36800
36829
36831
36806
36835
36828
43766
36811
36836
36820
36823
36819
36808
36817
43608
36855
36859
36851
36862
36863
36873
41610
36878
41338
36858
36882
36867
36847
36871
36883
41339
36922
43344
43169
36916
36903
36884
36902
36929
36936
36915
36921
36928
36927
36888
36891
36952
36970
36980
36982
42226
36965
36944
36947
36981
36968
36976
36946
36938
42609
36937
36975
36996
37023
36984
36986
37025
37026
36985
36997
36990
36993
37016
42215
36998
37017
36991
37024
37067
37068
42078
37070
43880
37044
37030
37060
37043
37046
37041
42762
37069
42833
37048
37040
44251
43708
37113
37112
37102
37075
37108
37087
37078
37105
43213
37109
41532
41047
37094
41046
37129
37140
37150
37139
41021
37160
37134
37131
37148
37119
37152
43113
37120
37128
37147
37124
37223
37174
37183
37189
37190
37163
37168
37225
37164
37217
37172
37195
37180
37220
37166
37257
37243
37238
37246
37231
37234
37239
37252
43755
37253
37228
37232
37235
37245
37229
37226
37230
37289
37303
37308
43191
37313
37280
37272
42491
37301
42112
43485
37298
37293
37273
37296
37258
42566
37332
43014
37346
37326
37333
37324
37340
37317
37336
37345
37322
42854
37314
42063
43933
37381
37373
37372
37378
37384
37362
37364
37375
37383
37359
37368
37369
42578
37354
37367
37360
42722
37392
43521
43175
37407
37390
37408
37389
42130
37386
37393
37387
37406
37394
37396
37385
37423
37418
37445
37430
37416
37441
37422
37436
41545
37419
37443
37434
37428
37421
37424
37410
42398
37492
37475
37478
37457
37496
37474
37480
37454
37449
37466
37448
37463
37494
37487
37455
37554
37539
37499
43878
37519
37530
37514
37552
37508
37512
37516
37520
37518
44291
37511
37551
37593
37612
37614
37576
37559
37556
37567
37585
37608
37577
37597
37578
37594
37613
37622
37568
37659
37658
37634
37790
37647
43594
37625
42238
37650
37630
37662
37656
37628
37623
37631
37654
37689
37699
37673
37687
37691
37681
42706
37720
37665
37676
43320
43229
37704
37706
37670
37680
37762
37736
37732
37741
37765
42207
37726
37746
37756
37761
37742
37747
37723
37751
37757
37733
37786
37781
37777
37794
37802
37768
37782
37810
37805
42177
37767
37809
37776
41868
42461
37793
21340
37817
37836
37816
37828
21341
37831
21343
37811
37819
37835
37826
37820
37834
37818
21344
21382
21362
21359
41316
21379
21347
21378
21373
21388
21383
21351
21348
21358
21389
21380
21357
37870
37874
37857
37859
37875
37876
37884
37895
37883
37842
41011
37850
37885
37871
37856
37872
37903
41879
43187
37912
44139
44350
41702
41448
38952
37909
37902
41487
37906
37921
44289
37897
37923
41125
43872
37943
37953
37951
37927
37932
37928
37936
37950
37960
37924
37963
37929
37954
41128
38004
37965
37989
37994
37995
37991
37993
37983
37964
37975
38000
37972
37999
37987
37992
38017
38005
38054
38016
38032
38006
38052
38055
38043
38051
38057
43231
38038
41340
38022
38015
42196
43379
38058
43852
38081
38075
38059
38072
38064
43233
38073
38074
38079
38067
41497
38083
38110
38113
38117
38106
43753
38099
38116
38129
38131
38134
38103
38102
38108
41341
38088
44306
38163
38183
42027
44185
43600
38158
38167
38161
38137
38177
41965
42759
38148
43001
38168
38141
41544
38198
38192
38191
38199
38195
38196
38193
38187
38203
38201
38184
41974
41947
38189
38200
38210
38204
38230
41129
42613
38208
38227
38236
38214
38225
38231
38219
43393
38222
44338
38232
38261
41691
38241
38242
38256
38265
41555
38266
38239
38260
38272
38240
42720
42598
38258
43132
38290
44302
38292
41905
44192
38293
43259
38283
41962
44146
38298
43470
38288
38291
38299
41476
38316
38311
38317
38308
38302
43208
38314
41889
38341
38344
38299
44309
44125
38309
38320
38301
38362
42260
43234
42000
43846
38371
38337
41846
38339
38322
38364
38366
41904
38354
42435
43558
38387
38391
38407
44154
38382
41681
38385
44093
38386
38388
42411
38409
38404
38375
38406
38421
41176
38447
43326
44303
41963
38450
38444
38445
38430
38443
41576
44366
38434
38424
38432
43490
38460
38458
38478
38464
41520
38482
38489
38459
38455
38487
43046
42855
38456
38473
38465
38477
38538
38497
38507
38518
38516
38541
38506
41694
38508
38540
38542
42170
38537
38524
38532
38530
38543
38597
38584
38581
41650
38561
38585
38591
38546
38592
38579
43102
38575
43350
38549
43501
38609
38601
38603
44151
42328
38633
38627
42636
38622
43254
38607
38628
38623
38610
43626
38608
38636
38655
42113
38645
38643
38651
38659
38665
38654
38650
38656
42584
38653
38649
38639
38663
38687
38684
38701
38690
38685
38704
38670
38699
38696
38700
38689
38675
42684
38673
38668
43300
38706
38733
38739
43313
38731
42402
41343
42389
38740
38720
38723
38725
38713
38735
43013
38719
38774
38776
38757
38764
43224
38775
38760
38763
38747
38772
43124
38746
44312
38759
38754
38762
38788
38785
38791
38800
38777
42587
38804
38806
38784
38786
38793
38794
42827
38805
38801
38796
38817
38835
43455
38812
43466
38815
38826
41989
38830
42707
38808
43441
38811
43628
38821
44162
38844
38839
38841
38842
38846
38850
38852
38853
38856
38837
38851
38847
42103
43473
43051
38848
38867
38871
38878
42091
38884
38872
44166
38864
38860
42118
44110
42624
38862
41932
38868
42323
38890
38894
38922
38888
38926
38913
38918
43508
38914
38885
38910
42692
38889
38908
44083
38895
38957
43250
38943
38953
38935
38959
41133
38942
38964
41988
38962
42725
38947
41930
42938
43479
43998
41345
38996
41344
39020
39015
39024
41738
41781
39032
44266
39009
39018
38998
38972
39035
39066
39071
39075
39086
39067
39064
39037
39084
39068
39042
39039
39080
39074
39073
39045
39054
39117
39126
39132
39128
43288
39134
39108
39096
39092
39095
39097
41149
39088
39120
39135
39094
39159
42045
39155
39144
42326
39150
39139
39138
39163
39174
39162
39143
39158
39169
39152
39168
39183
39181
39212
39202
44203
39196
42270
39185
41966
39191
39190
39206
39178
39189
39182
39186
39236
41593
39216
39213
39220
39223
42836
39226
42924
39215
39229
39225
39221
39222
42070
44313
39268
42906
39264
39242
39256
41015
39280
39244
39283
39247
39279
39286
39285
39265
39254
39275
39295
39306
39290
39294
43483
39300
39308
39305
39297
39288
39310
43595
39298
39292
39303
39304
43228
39353
39351
39356
39311
39319
42560
39333
39348
44119
41346
39332
39358
39314
39315
39325
39382
39363
39364
39376
39384
39368
39387
39367
39378
39390
39361
39392
39366
39388
39394
39386
44349
39409
39408
42943
39397
43444
39405
39398
39416
39404
39415
39418
39414
39400
39417
39413
39442
39436
39446
43489
39420
39426
41896
41552
39438
39441
39448
39449
39451
39450
39422
39419
39493
39495
42068
39505
39452
39516
39517
39509
39481
39455
39459
39482
39462
42322
39500
39470
39529
39522
39540
39552
39559
39519
39549
39545
39538
39550
39553
39567
39558
39530
39521
39534
39604
39630
39637
39639
39635
39585
39613
41566
39574
39573
39643
39572
39633
42487
39640
39623
39647
39684
43514
42905
39664
39659
39708
39662
39698
39699
39657
39677
39705
39653
39665
39693
39725
39710
39739
39751
39744
39729
39732
39753
39720
39721
39718
39709
39733
39749
39743
39754
41783
39767
39782
39794
39791
39756
39770
39781
43264
41731
39788
39792
39787
42309
39763
40271
39819
43072
39799
39815
39797
39826
43392
39805
41483
43973
39801
41126
43016
39824
39828
39852
39873
42037
43341
39885
39861
39866
39867
39859
41474
42286
42565
39894
39876
39869
39877
43017
39926
39896
39909
43230
41347
41134
41678
41608
39938
43107
39899
39930
44356
41130
39905
41876
41639
43230
39951
39976
39941
39954
39956
44084
42450
39960
39961
39942
39940
43161
39975
39950
44157
40019
39991
39978
39998
42412
39983
40002
40006
44229
39982
39992
39999
42946
40004
40017
40048
40057
40070
40050
42122
40065
40030
40069
40060
40028
40029
40024
40034
40027
40022
42700
40097
40092
40093
42557
40107
40094
40101
40091
41615
41348
40083
40105
43252
40085
40112
40072
41744
40123
40149
40125
40113
42751
40147
40134
40143
42631
40111
40114
40154
40136
40150
43237
40184
40162
40166
40168
40156
42029
40199
42222
40170
40200
40157
40179
43454
40159
40190
40195
40245
44304
40227
40236
42495
40226
40222
42354
42951
40228
40217
41150
43793
40235
42307
40248
40270
40261
40327
40279
41140
40319
40287
40288
40298
40259
42994
40315
40257
40320
40263
40290
40360
40349
40350
40369
41843
42921
40358
40359
40374
40336
40371
40375
40376
40353
40339
40334
40434
40430
44001
40416
40384
40440
40436
40391
40388
41938
42887
40379
40421
40433
40415
40435
40441
44114
40474
40452
40462
40471
40466
40480
40461
42745
40465
40450
40442
40479
42152
40469
40488
42383
40518
40515
42915
40490
42180
40489
40502
40497
40505
41693
42999
40510
40504
40506
40520
42410
40549
40536
44238
40548
40527
40579
42150
42933
40558
40581
40521
44069
40557
40583
40603
40589
40598
40611
40585
40591
40588
41378
40606
40607
40610
42742
40613
40590
40600
42519
40644
40641
40647
42183
40662
40616
40648
40661
40649
40652
40660
40631
44163
40645
40636
40663
42721
40668
40690
40699
43502
40665
40671
40697
40711
40680
40702
40681
42072
40710
40713
40714
40768
40775
43737
40750
42459
40791
42265
40756
40790
40723
40715
40784
40759
40739
40720
40752
43955
40798
40815
40827
40803
40801
40795
40797
40794
40793
40826
40816
40792
40804
40802
40821
42629
40867
40892
40846
44028
40894
43641
40841
40882
40868
40872
40885
40889
40843
40895
44023
40930
42932
40925
40927
40908
40903
40917
40922
40907
41305
40904
40937
42960
40902
40911
40905
40977
40958
43503
40971
40980
40942
40975
40946
40940
40952
40953
40963
40968
40939
40943
40949
43158
40994
40983
40987
40996
40985
40989
40995
40992
